Amino Acid	Coil__Deleage_&_Roux	beta_sheet__Deleage_&_Roux	HPLC__retention_pH_74	beta_sheet__Levitt	Hphob__Wolfenden_et_al	beta_turn__Deleage_&_Roux	Bulkiness	Hphob__Black	Number_of_codons	Hphob__Abraham_&_Leo	Hphob__Bull_&_Breese	Hphob__Janin	Hphob__Miyazawa_et_al	Hphob_HPLC_pH34__Cowan	beta_sheet__Chou_&_Fasman	Hphob_HPLC_pH75__Cowan	Hphob__Chothia	AA_composition	alpha_helix__Deleage_&_Roux	Transmembrane_tendency	HPLC__retention_pH_21	Hphob__Hopp_&_Woods	HPLC__HFBA_retention	AA_comp_in_Swiss_Prot	Polarity__Zimmerman	Hphob__Manavalan_et_al	Hphob__Rao_&_Argos	Polarity__Grantham	beta_turn__Levitt	Hphob__Roseman	Average_flexibility	Refractivity	Average_area_buried	Hphob__Fauchere_et_al	Relative_mutability	Hphob_OMH__Sweet_et_al	Molecular_weight	Hphob__Eisenberg_et_al	HPLC__TFA_retention	alpha_helix__Levitt	Hphob__Welling_&_al	alpha_helix__Chou_&_Fasman	beta_turn__Chou_&_Fasman	Total_beta_strand	Antiparallel_beta_strand	Hphob__Guy	Ratio_hetero_endside	Hphob_HPLC__Wilson_&_al	Hphob_HPLC__Parker_&_al	Hphob__Tanford	%_buried_residues	Recognition_factors	Hphob__Rose_&_al	Parallel_beta_strand	%_accessible_residues	Hphob__Kyte_&_Doolittle	Hphob__Rf_mobility
A	0.824	0.709	0.5	0.9	1.94	0.788	11.5	0.616	4.0	0.44	0.61	0.3	5.33	0.42	0.83	0.35	0.38	8.3	1.489	0.38	-0.1	-0.5	3.9	8.25	0.0	12.97	1.36	8.1	0.77	0.39	0.36	4.34	86.6	0.31	100.0	-0.4	89.0	0.62	7.3	1.29	1.15	1.42	0.66	0.92	0.9	0.1	0.0	-0.3	2.1	0.62	11.2	78.0	0.74	1.0	6.6	1.8	5.1
C	0.953	1.191	-6.8	0.74	-1.24	0.965	13.46	0.68	1.0	0.58	0.36	0.9	7.93	0.84	1.19	0.76	0.5	1.7	0.966	-0.3	-2.2	-1.0	-14.3	1.37	1.48	14.63	1.27	5.5	0.81	0.25	0.35	35.77	132.3	1.54	20.0	0.17	121.0	0.29	-9.2	1.11	-1.2	0.7	1.19	1.16	1.24	-1.42	2.75	6.3	1.4	0.29	4.1	89.0	0.91	0.91	0.9	2.5	0.0
E	0.761	0.567	-16.9	0.75	-10.2	1.149	13.57	0.043	2.0	-0.34	0.51	-0.7	3.65	-0.37	0.37	-1.95	0.18	6.2	1.504	-2.9	-7.5	3.0	-7.5	6.75	49.9	11.89	0.25	12.3	0.99	-2.91	0.5	17.26	113.9	-0.64	102.0	-1.22	147.0	-0.74	-7.1	1.44	-0.71	1.51	0.74	0.61	0.62	0.83	0.92	0.0	7.8	-0.74	1.8	78.0	0.62	0.59	5.7	-3.5	1.8
D	1.197	0.541	-8.2	0.72	-10.95	1.197	11.68	0.028	2.0	-0.31	0.61	-0.6	3.59	-0.51	0.54	-2.15	0.15	5.3	0.924	-3.27	-2.8	3.0	-2.8	5.45	49.7	10.85	0.11	13.0	1.41	-3.81	0.51	12.0	97.8	-0.77	106.0	-1.31	133.0	-0.9	-2.9	1.04	0.65	1.01	1.46	0.48	0.47	0.78	1.38	-1.4	10.0	-0.09	2.9	81.0	0.62	0.5	7.7	-3.5	0.7
G	1.251	0.657	0.0	0.92	2.39	1.86	3.4	0.501	4.0	0.0	0.81	0.3	4.48	0.0	0.75	0.0	0.36	7.2	0.51	-0.19	-0.5	0.0	-2.3	7.07	0.0	12.43	1.09	9.0	1.64	0.0	0.54	0.0	62.9	0.0	49.0	-0.67	75.0	0.48	-1.2	0.56	-1.84	0.57	1.56	0.61	0.56	0.33	0.74	1.2	5.7	0.48	11.8	84.0	0.72	0.79	6.7	-0.4	4.1
F	0.797	1.393	13.2	1.32	-0.76	0.624	19.8	1.0	2.0	2.54	-1.52	0.5	9.03	1.74	1.38	1.69	0.5	3.9	1.195	1.98	13.9	-2.5	14.7	3.86	0.35	14.0	1.57	5.2	0.59	2.27	0.31	29.4	194.1	1.79	41.0	1.92	165.0	1.19	19.2	1.07	-1.41	1.13	0.6	1.25	1.23	-2.12	0.0	7.5	-9.2	1.19	5.1	81.0	0.88	1.3	2.4	2.8	9.6
I	0.886	1.799	13.9	1.45	2.15	0.24	21.4	0.943	3.0	2.46	-1.45	0.7	8.83	1.81	1.6	1.83	0.6	5.2	1.003	1.97	11.8	-1.8	11.0	5.96	0.13	15.67	1.44	5.2	0.51	1.82	0.46	19.06	158.0	1.8	96.0	1.25	131.0	1.38	6.6	0.97	-2.92	1.08	0.47	1.81	1.54	-1.13	0.0	4.3	-8.0	1.38	8.6	88.0	0.88	2.6	2.8	4.5	9.3
H	1.068	0.863	-3.5	1.08	-10.27	0.97	13.69	0.165	2.0	-0.01	0.69	-0.1	5.1	-2.28	0.87	-0.65	0.17	2.2	1.003	-1.44	0.8	-0.5	2.0	2.27	51.6	12.16	0.68	10.4	0.68	-0.64	0.32	21.81	155.8	0.13	66.0	-0.64	155.0	-0.4	-2.1	1.22	3.12	1.0	0.95	0.93	1.12	-0.5	0.58	-1.3	2.1	-0.4	2.0	84.0	0.78	0.38	2.5	-3.2	1.6
K	0.897	0.721	0.1	0.77	-9.52	1.302	15.71	0.283	2.0	-2.45	0.46	-1.8	2.95	-2.03	0.74	-1.54	0.03	5.7	1.172	-3.46	-3.2	3.0	-2.5	5.84	49.5	11.36	0.09	11.3	0.96	-2.77	0.47	21.29	115.5	-0.99	56.0	-0.67	146.0	-1.5	-3.7	1.23	2.06	1.16	1.01	0.7	0.74	1.4	0.33	-3.6	5.7	-1.5	0.5	87.0	0.52	0.59	10.3	-3.9	1.3
M	0.81	1.21	4.8	0.97	-1.48	0.436	16.25	0.738	1.0	1.1	-0.66	0.4	8.95	1.18	1.05	1.1	0.4	2.4	1.363	1.4	7.1	-1.3	4.1	2.42	1.43	14.39	1.42	5.7	0.41	0.96	0.3	21.64	172.9	1.23	94.0	1.02	149.0	0.64	5.6	1.47	-3.85	1.45	0.6	1.19	1.09	-1.59	0.0	2.5	-4.2	0.64	1.9	80.0	0.85	1.49	1.0	1.9	8.7
L	0.81	1.261	8.8	1.02	2.28	0.67	21.4	0.943	6.0	2.46	-1.65	0.5	8.47	1.8	1.3	1.8	0.45	9.0	1.236	1.82	10.0	-1.8	15.0	9.66	0.13	14.9	1.47	4.9	0.58	1.82	0.37	18.78	164.1	1.7	40.0	1.22	131.0	1.06	20.0	1.3	0.75	1.21	0.59	1.3	1.26	-1.18	0.0	6.6	-9.2	1.53	11.7	85.0	0.85	1.42	4.8	3.8	10.0
N	1.167	0.604	0.8	0.76	-9.68	1.572	12.82	0.236	2.0	-1.32	0.89	-0.5	3.71	-1.03	0.89	-0.99	0.12	4.4	0.772	-1.62	-1.6	0.2	-2.8	4.06	3.38	11.42	0.33	11.6	1.28	-1.91	0.46	13.28	103.3	-0.6	134.0	-0.92	132.0	-0.78	-5.7	0.9	-0.77	0.67	1.56	0.6	0.62	0.48	1.33	-0.2	7.0	-0.78	2.9	94.0	0.63	0.54	6.7	-3.5	0.6
Q	0.947	0.84	-4.8	0.8	-9.38	0.997	14.45	0.251	2.0	-0.71	0.97	-0.7	3.87	-0.96	1.1	-0.93	0.07	4.0	1.164	-1.84	-2.5	0.2	1.8	3.93	3.53	11.76	0.33	10.5	0.98	-1.3	0.49	17.56	119.2	-0.22	93.0	-0.91	146.0	-0.85	-0.3	1.27	-0.11	1.11	0.98	0.95	1.18	0.95	0.89	-0.2	6.0	-0.85	1.6	87.0	0.62	0.28	5.2	-3.5	1.4
P	1.54	0.354	6.1	0.64	0.0	1.415	17.43	0.711	4.0	1.29	-0.17	-0.3	3.87	0.86	0.55	0.84	0.18	5.1	0.492	-1.44	8.0	0.0	5.6	4.7	1.58	11.37	0.54	8.0	1.91	0.99	0.51	10.93	92.9	0.72	56.0	-0.49	115.0	0.12	5.1	0.52	-0.53	0.57	1.52	0.4	0.42	0.73	0.39	2.2	2.1	0.12	2.7	91.0	0.64	0.35	4.8	-1.6	4.9
S	1.13	0.928	1.2	0.95	-5.06	1.316	9.47	0.359	6.0	-0.84	0.42	-0.1	4.09	-0.64	0.75	-0.63	0.22	6.9	0.739	-0.53	-3.7	0.3	-3.5	6.56	1.67	11.23	0.97	9.2	1.32	-1.24	0.51	6.35	85.6	-0.04	120.0	-0.55	105.0	-0.18	-4.1	0.82	-0.26	0.77	1.43	0.82	0.87	0.52	1.42	-0.6	6.5	-0.18	8.0	107.0	0.66	0.7	9.4	-0.8	3.1
R	0.893	0.92	0.8	0.99	-19.92	0.912	14.28	0.0	6.0	-2.42	0.69	-1.4	4.18	-1.56	0.93	-1.5	0.01	5.7	1.224	-2.57	-4.5	3.0	3.2	5.53	52.0	11.72	0.15	10.5	0.88	-3.95	0.53	26.66	162.2	-1.01	65.0	-0.59	174.0	-2.53	-3.6	0.96	0.58	0.98	0.95	0.93	1.02	1.91	0.65	-1.1	4.2	-2.53	0.5	95.0	0.64	0.68	4.5	-4.5	2.0
T	1.148	1.221	2.7	1.21	-4.88	0.739	15.77	0.45	4.0	-0.41	0.29	-0.2	4.49	-0.26	1.19	-0.27	0.23	5.8	0.785	-0.32	1.5	-0.4	1.1	5.34	1.66	11.69	1.08	8.6	1.04	-1.0	0.44	11.01	106.5	0.26	97.0	-0.28	119.0	-0.05	0.8	0.82	-0.45	0.83	0.96	1.12	1.3	0.07	0.71	-2.2	5.2	-0.05	4.9	93.0	0.7	0.59	7.0	-0.7	3.5
W	0.941	1.306	14.9	1.14	-5.88	0.546	21.67	0.878	1.0	2.56	-1.2	0.3	7.66	1.46	1.37	1.35	0.27	1.3	1.09	1.53	18.1	-3.4	17.8	1.08	2.1	13.93	1.0	5.4	0.76	2.13	0.31	42.53	224.6	2.25	18.0	0.5	204.0	0.81	16.3	0.99	-1.14	1.08	0.96	1.54	1.75	-0.51	0.13	7.9	-10.0	0.81	2.2	104.0	0.85	0.89	1.4	-0.9	9.2
V	0.772	1.965	2.7	1.49	1.99	0.387	21.57	0.825	4.0	1.73	-0.75	0.6	7.63	1.34	1.7	1.32	0.54	6.6	0.99	1.46	3.3	-1.5	2.1	6.87	0.13	15.71	1.37	5.9	0.47	1.3	0.39	13.92	141.0	1.22	74.0	0.91	117.0	1.08	3.5	0.91	-0.13	1.06	0.5	1.81	1.53	-1.27	0.0	5.9	-3.7	1.8	12.9	89.0	0.86	2.63	4.5	4.2	8.5
Y	1.109	1.266	6.1	1.25	-6.11	0.795	18.03	0.88	2.0	1.63	-1.43	-0.4	5.89	0.51	1.47	0.39	0.15	3.2	0.787	0.49	8.2	-2.3	3.8	2.92	1.61	13.42	0.83	6.2	1.05	1.47	0.42	31.53	177.7	0.96	41.0	1.67	181.0	0.26	5.9	0.72	0.13	0.69	1.14	1.53	1.68	-0.21	0.2	7.1	-1.9	0.26	2.6	84.0	0.76	1.08	5.1	-1.3	8.0
